100
100 1
100
10 3
20 3 15
294009 5
735190 651466 238046 131742 22104
619854 5
388810 44482 221208 105996 356344
2 5
8 10 9 7 6
339193 4
779592 515256 718273 995551
1000000 5
405786 636357 469474 820839 833208
496442 3
619141 643921 959884
487881 5
66363 649194 578324 950635 625204
645682 5
907479 439305 801222 212460 15706
33532 5
220990 539113 318278 953897 43517
514674 2
126731 801145
843268 5
294509 235344 834495 672398 865228
1 5
1 1 1 1 1
712503 5
505914 875329 7011 257609 709823
701128 5
123469 388061 588078 921998 985888
931975 5
324403 839067 832071 857150 749511
365808 4
805976 720183 388073 681305
474224 5
185126 223558 131274 201203 140261
684589 1
587865
171339 4
720013 377241 397204 864999
312670 3
862630 930336 193877
753781 5
37608 242363 545620 775523 925158
466032 5
989267 992275 759212 326923 344016
1000000 5
250653 495331 654723 755914 416078
1000000 5
758682 744244 192907 384010 517187
1000000 5
825283 949378 548335 35639 502707
6 5
95 292 594 591 80
433469 5
68141 206278 598938 952394 352186
967798 3
925913 759038 470037
2 5
325 397 144 716 780
144084 5
94771 186436 182901 327978 87563
953152 1
880883
106238 3
872501 747085 692680
133324 1
181000
380641 2
329134 771445
1000000 5
1000000 1000000 1000000 1000000 1000000
716704 5
59513 113486 290812 842133 868083
386939 1
524783
987827 4
500262 951021 975684 806371
3 4
2 2 2 4
7 5
51 528 399 215 288
591268 5
988053 945601 732908 284747 69076
968322 1
592777
983364 2
688530 47263
908146 3
635490 522112 364758
10 5
5 5 5 5 10
817282 5
277025 279526 521591 625341 841691
701278 4
982597 453213 738885 276606
1 5
1000000 1000000 1000000 1000000 1000000
311862 5
83087 84546 122075 177133 780927
1000000 1
1000000
639189 1
304981
252274 2
503472 59699
600428 2
405281 809119
556209 2
881208 434804
544039 2
438091 652921
590113 5
586443 579832 573715 447963 175581
776661 5
764478 983719 540839 671439 782128
665686 5
377127 187308 2625 239306 141088
1000000 5
704417 507857 229768 835789 945828
1 5
615021 437971 524014 406574 83441
589082 5
994770 86680 282567 156769 29638
869461 2
743018 48548
215960 5
903765 825767 926188 717550 81853
431040 2
516125 696921
3 4
2 2 2 3
8 5
3 5 2 5 2
162000 5
977743 942959 764178 607710 437729
8 5
253 368 712 881 291
11 5
5 5 5 5 10
1000000 1
999999
367921 4
459659 271443 664887 974332
10 5
3 2 3 2 2
118912 4
5290 987858 306110 773915
993145 4
530028 709514 628634 52139
1 5
376 222 475 351 267
632107 1
812505
805236 3
521744 369971 210517
978886 5
279978 281783 215518 299036 99064
11 5
10 5 5 5 5
686444 1
956547
2 5
1 1 1 1 1
691258 5
906702 528147 713361 554796 706564
2 4
2 2 2 6
873468 5
948428 133285 425574 334241 876302
615522 4
115888 280643 597905 621506
256086 4
396672 770332 468159 809983
5 5
3 1 3 2 2
77751 5
776829 821305 835389 276544 26187
776060 4
324404 253086 814003 317671
3 3
1 1 100
476916 5
900097 521397 510401 162537 16396
1000000 5
1 1 1 1 1
5 5
1 1 2 2 2
1 5
2 1 2 2 1
592955 1
244919
93411 5
989216 32745 55807 932049 241206
413312 1
803760
238636 1
152397
